---
header: 
  seq: 1178
  stamp: 
    secs: 1415737776
    nsecs: 499915838
  frame_id: stereo_camera
height: 480
width: 640
distortion_model: plumb_bob
D: [-0.344858300062205, 0.131731614744127, -0.00032220157418798, -0.000178643627395838, 0.0]
K: [520.84106910681, 0.0, 320.207922533597, 0.0, 520.652683004955, 251.69140630101, 0.0, 0.0, 1.0]
R: [0.999977409119708, -0.00542294021453702, -0.00397151981806852, 0.00542696944573559, 0.999984769417176, 0.00100445821860056, 0.00396601221263954, -0.00102598884371095, 0.999991609011807]
P: [487.608731712861, 0.0, 318.1162109375, 0.0, 0.0, 487.608731712861, 249.44425201416, 0.0, 0.0, 0.0, 1.0, 0.0]
binning_x: 1
binning_y: 1
roi: 
  x_offset: 0
  y_offset: 0
  height: 480
  width: 640
  do_rectify: False
---
header: 
  seq: 1179
  stamp: 
    secs: 1415737776
    nsecs: 562407970
  frame_id: stereo_camera
height: 480
width: 640
distortion_model: plumb_bob
D: [-0.344858300062205, 0.131731614744127, -0.00032220157418798, -0.000178643627395838, 0.0]
K: [520.84106910681, 0.0, 320.207922533597, 0.0, 520.652683004955, 251.69140630101, 0.0, 0.0, 1.0]
R: [0.999977409119708, -0.00542294021453702, -0.00397151981806852, 0.00542696944573559, 0.999984769417176, 0.00100445821860056, 0.00396601221263954, -0.00102598884371095, 0.999991609011807]
P: [487.608731712861, 0.0, 318.1162109375, 0.0, 0.0, 487.608731712861, 249.44425201416, 0.0, 0.0, 0.0, 1.0, 0.0]
binning_x: 1
binning_y: 1
roi: 
  x_offset: 0
  y_offset: 0
  height: 480
  width: 640
  do_rectify: False
---
header: 
  seq: 1180
  stamp: 
    secs: 1415737776
    nsecs: 624902010
  frame_id: stereo_camera
height: 480
width: 640
distortion_model: plumb_bob
D: [-0.344858300062205, 0.131731614744127, -0.00032220157418798, -0.000178643627395838, 0.0]
K: [520.84106910681, 0.0, 320.207922533597, 0.0, 520.652683004955, 251.69140630101, 0.0, 0.0, 1.0]
R: [0.999977409119708, -0.00542294021453702, -0.00397151981806852, 0.00542696944573559, 0.999984769417176, 0.00100445821860056, 0.00396601221263954, -0.00102598884371095, 0.999991609011807]
P: [487.608731712861, 0.0, 318.1162109375, 0.0, 0.0, 487.608731712861, 249.44425201416, 0.0, 0.0, 0.0, 1.0, 0.0]
binning_x: 1
binning_y: 1
roi: 
  x_offset: 0
  y_offset: 0
  height: 480
  width: 640
  do_rectify: False
---
header: 
  seq: 1181
  stamp: 
    secs: 1415737776
    nsecs: 687393904
  frame_id: stereo_camera
height: 480
width: 640
distortion_model: plumb_bob
D: [-0.344858300062205, 0.131731614744127, -0.00032220157418798, -0.000178643627395838, 0.0]
K: [520.84106910681, 0.0, 320.207922533597, 0.0, 520.652683004955, 251.69140630101, 0.0, 0.0, 1.0]
R: [0.999977409119708, -0.00542294021453702, -0.00397151981806852, 0.00542696944573559, 0.999984769417176, 0.00100445821860056, 0.00396601221263954, -0.00102598884371095, 0.999991609011807]
P: [487.608731712861, 0.0, 318.1162109375, 0.0, 0.0, 487.608731712861, 249.44425201416, 0.0, 0.0, 0.0, 1.0, 0.0]
binning_x: 1
binning_y: 1
roi: 
  x_offset: 0
  y_offset: 0
  height: 480
  width: 640
  do_rectify: False
---
header: 
  seq: 1182
  stamp: 
    secs: 1415737776
    nsecs: 749886990
  frame_id: stereo_camera
height: 480
width: 640
distortion_model: plumb_bob
D: [-0.344858300062205, 0.131731614744127, -0.00032220157418798, -0.000178643627395838, 0.0]
K: [520.84106910681, 0.0, 320.207922533597, 0.0, 520.652683004955, 251.69140630101, 0.0, 0.0, 1.0]
R: [0.999977409119708, -0.00542294021453702, -0.00397151981806852, 0.00542696944573559, 0.999984769417176, 0.00100445821860056, 0.00396601221263954, -0.00102598884371095, 0.999991609011807]
P: [487.608731712861, 0.0, 318.1162109375, 0.0, 0.0, 487.608731712861, 249.44425201416, 0.0, 0.0, 0.0, 1.0, 0.0]
binning_x: 1
binning_y: 1
roi: 
  x_offset: 0
  y_offset: 0
  height: 480
  width: 640
  do_rectify: False
---

